#FORMAT: PND-BEACON
#VERSION: 0.1
#TARGET: http://beacon.findbuch.de/pnd-resolver/documenta/{ID}
#TIMESTAMP: 2011-05-20T09:39:18Z
#REVISIT: 2011-05-22T09:39:18Z
#CONTACT: Thomas Berger <ThB at Gymel.com>
#DESCRIPTION: Aus der Wikipedia extrahierte Links zur "Künstlerseite" im documenta Archiv Kassel
#EXAMPLES: 119217473|11851556X
#FEED: http://beacon.findbuch.de/downloads/documenta/documenta-pndbeacon.txt
#INSTITUTION: documenta Archiv Kassel
#MESSAGE: Materialien im documenta Archiv
#NAME: PND2documenta
#PREFIX: http://d-nb.info/gnd/
#UPDATE: weekly
107662019
107815699
10784155X
11043286X
110458052
111188571
11567411X
116146230
116456531
116593318
117467170
118500570
118500848
118500953
118501429
118501453
11850231X
118503316
118503715
118503782
118503995
118504398
118504665
118504975
11850570X
118506153
118506242
118506382
118506595
118506617
11850701X
11850715X
118507559
118507745
118507788
118507834
118508210
118509608
118510460
118510878
118511378
118511564
118512064
118512188
118513281
118514504
118515144
11851556X
118515659
118515705
118516329
118516647
118517570
118518186
118518364
118518674
118518976
118519166
118519247
118519603
118519964
118519980
11852044X
11852058X
118520830
118521349
11852139X
118521918
118522078
118522140
118522221
118522531
118522930
118523376
118523775
118524208
118524437
118524496
118524755
118526103
118526405
118526669
118526804
118527010
118527525
118527681
11852772X
118529056
11853050X
118530747
118530879
118530895
118531239
118531743
11853212X
118532308
11853534X
118535366
118536516
118536990
118538179
118538861
118538896
118539094
118539558
118539663
118539817
118539965
118540416
118540440
118540572
118540742
118541277
118541315
118541404
118541676
118542672
118543059
118544985
118545329
118546406
11854702X
11854716X
118547488
118547755
118547860
11854876X
118549405
118549642
118549766
118551175
118551426
118551760
118551930
118552341
118552600
118552678
118553496
118554093
118554786
118555537
118555944
118556797
118556991
118557157
118559737
11856045X
118560530
118561243
118562398
118562401
118562452
118562568
118562827
118562967
118563289
118563769
118564722
118564749
118565737
118567365
118568191
118569716
118569937
118570978
118570994
118571117
118571524
118571540
118572636
118573365
118573411
118573470
118574108
118574728
118575112
118576208
118577417
11857745X
118577573
11857793X
11857874X
118578790
118578847
11857888X
118580450
118581252
118581287
11858152X
118582089
118582275
118582291
118582364
118582712
118582933
118583441
118583875
118583921
118584650
118585207
118585355
118585525
118585738
118586610
118586653
118587501
118587609
118588494
118589792
118590049
118590065
118591274
118591339
118591517
118591592
118591606
118591886
118592335
118592599
118593439
118594176
118594184
118594206
118594249
118594621
118594680
118595482
118595555
118596195
118597175
118597760
11859785X
118597930
118598147
118598619
118598759
11859916X
118600419
118600990
118601164
118601202
118601296
118601717
118601776
118601857
118602217
118602675
118602950
118603086
118603361
118603418
118603957
118604341
118605038
118606522
118607499
118608088
118608983
118609335
118609939
118610457
118610902
118611305
118611429
118611550
118612107
118612301
118612956
118613499
118613502
118615785
118616609
118617370
11862010X
118620681
118620738
118620770
118622226
118622706
118622838
11862301X
11862346X
118623893
118624350
11862461X
118624865
118625012
118625136
118625837
118626205
118626337
118626434
118627864
118627902
118628003
118628984
118629220
118630237
118631519
118632523
11863352X
118633627
118633767
118633775
118633821
118635093
118635247
118635263
118635603
118635727
118636057
118636995
118637444
118638467
118638513
118639080
118639374
118640836
118642200
118642308
118643703
11864792X
118648381
118650181
118650475
118653547
118654055
118654128
118655213
118656066
11865988X
118661221
118665294
118665537
118665545
118666592
118666703
118667378
118667416
118667696
118669028
118669044
118670158
118673076
118674641
118676156
118676873
118677349
118679430
118679546
118681125
118684787
118686178
11868647X
118689819
118691333
118692011
11869216X
118692348
118694189
118694952
118695789
118696033
11869751X
118697846
118699571
118699644
118699784
118700839
11870186X
118702823
118703285
118708856
118710052
118710818
118711164
118712020
118712764
118712942
11871306X
118713558
118713981
118718185
118718959
118719815
118723103
118723340
118724398
11872486X
118726498
118726722
118727168
118728407
118729160
118729632
118729756
118729918
118730274
118730614
118730754
11873184X
118733176
118733508
118734695
118735373
118735543
118736027
118736841
118737007
118737554
118737953
118738402
11873850X
11873900X
118739018
118739441
118741055
118741381
11874173X
118742310
118742469
118742523
118743740
118744232
118744941
118745107
118745395
118745611
118748564
118750224
118751158
118751476
11875159X
11875162X
118751778
118752278
118752367
118752448
118752529
118752723
118753398
118753754
118753800
11875386X
118754564
118756974
118758209
118758632
118758799
118759795
118760270
118760548
118760939
118761129
118763210
118763342
118764977
118765299
118766848
118767062
118767194
118767550
118768506
118768697
118768808
118769960
118770594
118772309
118773542
118776673
118777130
118777653
118779583
118780395
118782258
118786369
118788868
118791311
118794744
118796267
118796798
118797662
118797735
118797743
118799665
118806963
11880961X
118810766
118811657
118811916
118812122
118814451
118816330
118818554
118819879
118823337
118824147
118826522
118826824
118829076
118829831
118830686
118835378
118835416
118835483
118838504
118838725
118843834
11884623X
118847996
118848127
11885027X
118852418
118852426
118853449
118855549
118858645
118860569
118865773
118868098
118869736
118871331
118871404
118873083
118874179
118875736
118876309
118876783
118879685
118881329
11888560X
118888900
118893831
118894056
118896490
118899406
118899570
118899775
11890552X
11890731X
118909126
118910418
118913786
118914987
118919512
118920642
118921738
118921770
118922076
11892317X
118924397
118927558
118928686
118929836
118929844
11893399X
118934384
118935240
11893726X
118937332
118939750
118941208
118942239
118943375
118948962
118951580
118952749
118956140
118957848
118958143
118963503
118964879
118967967
118968688
118968726
118970119
118971026
118972138
118973150
11897565X
118975978
118979841
118981668
118996169
119000849
119001284
119006588
119006928
119008130
119008270
119008343
11901159X
119011875
119013568
119015854
119018276
119018802
119019671
11901971X
119026589
119029650
11903154X
119033275
119036088
11903770X
119040700
11904109X
119043378
119045281
119046938
119047683
119047829
11904823X
11904871X
119051001
119051281
119051494
119051540
119052229
119052555
119053063
119053888
119054353
119064170
119066831
119067854
119067951
119068656
119069784
119069903
119070723
119072025
119076802
119077345
11907737X
119078015
119080869
119081121
119081334
119082128
11908273X
119082853
119084961
119086247
119086263
119087758
119091380
119091712
119092549
11909293X
119095092
119096366
11909696X
119097516
11909987X
119102897
119106183
119106914
119109239
119113279
11911433X
119114380
119116790
119117630
11911769X
119118114
119118157
119119811
119128780
119131439
119131927
119133148
119133245
119139561
119142104
119142112
119146762
119149494
11915319X
119155699
119157152
119159031
119159627
11916387X
119163926
119164205
119166267
119171627
119179970
119180219
119182939
119184435
119184788
119184796
119190222
119191601
119191776
119193744
11919399X
119197774
119200023
119204584
119205254
119205637
119207346
119209195
119209721
119211165
119211696
119211777
119212110
119213192
119213338
119213559
119214385
119214687
119215063
119215136
119215551
119216175
119217473
119217724
119218356
119221462
119222116
119224062
119226243
119226294
119232421
119232502
119232553
11923257X
119232901
119232928
119233258
119233657
119234432
119236656
119237040
119241099
119242176
119242400
119243687
119244128
119245515
119246775
119248956
119249650
11925008X
119251639
119255146
119255588
119258161
11925848X
119259273
119260557
11926174X
119262258
119262738
119264889
11926515X
119267209
119267942
119268825
119269570
119269627
119270765
119272202
119272989
119277204
119277883
119282232
119282917
119283328
11928393X
119285347
119285525
119286165
119288435
119289164
119289393
119291894
119292807
119293293
119293927
119295504
119295962
119296233
119296497
119296500
119297515
119297876
11930080X
119302004
119306867
119307960
119308118
119308592
119309866
11931309X
119314487
119314800
119316412
119320444
119320568
119322056
119325020
119325217
119326981
119327163
119327260
119328518
119328933
119329905
119330016
119330032
119334151
119336243
119337606
119342006
119344742
119346192
119350823
119352990
119355183
119356228
119357178
119357747
119359359
11936008X
119372371
119375982
119376288
119377985
119381478
119382881
119383799
119386488
119387891
119397447
119397846
119397862
119398575
119400243
119402564
119407760
119409046
119409054
119412748
119413140
11941466X
119415569
119415887
119420244
11942181X
119422131
119422190
119422212
119422638
119423219
11942326X
119425157
119426315
119427559
119430649
119431874
119436159
119438062
119438070
119439670
119440024
119445794
119453320
11945498X
119460173
119463997
119471590
119471604
119471612
119471701
119473224
119474123
119483696
119487632
119506467
119516888
11953049X
119535432
119538369
119548224
11955948X
120023989
120101149
120217430
120248700
120353407
120360500
120371715
120402475
120433192
12044898X
120491796
120523558
120562065
120609541
120632705
120657201
120666367
120710625
120727072
12072720X
120739623
120784378
120846926
120875454
120875497
12093213X
120938715
120994380
121032302
121074269
121105431
121121607
121137260
121175197
121263118
121285715
121327019
121416232
121523519
121532925
121539377
12160599X
121620859
121650847
121677095
121732126
121767760
121784894
121805115
121840603
121896390
121917746
122022750
122042506
122045734
122057007
122057104
122067088
122068017
122071131
122143132
122264703
122275195
12239903X
122405617
122415213
122438124
122458516
122463757
122486382
122545044
122545087
122619404
122632400
122677226
122683404
122697685
12270472X
122716752
122892836
122908007
122912977
123002605
123226988
123273471
123283302
123374979
123407443
123409519
123426863
123449227
123491339
123575370
123610214
123617200
123637082
123645956
123688558
123775744
123785790
12383998X
123842123
123845998
123873266
123921996
123922070
123934427
124023738
124069347
124100112
124103405
124128262
124194478
124213855
124218539
124257968
124385710
124701892
124868185
12491196X
126029598
126688001
126721335
126940355
127298541
128178558
128770589
128843187
12888293X
128987197
129094714
129334790
129473480
129571911
129584371
129584452
129611123
12961775X
129638528
129861405
129922994
129940119
129958522
130009172
130100404
130128880
130221406
130360570
130370207
130448001
130497959
130538884
130554375
130565563
13087163X
13156756X
131638858
131878905
131894420
131909185
131952544
132019523
132037599
132041685
132135779
132219735
132419734
132605090
132827026
133056988
133122352
133152014
133199053
133370720
133436721
13343673X
133436756
133497666
13350672X
133543579
13355774X
133686272
133699439
133774279
133805557
133850145
133963942
134015711
134096789
135652383
135815584
135890314
136749178
136944353
137061854
137616260
137779755
137817282
137921608
138002827
138002916
138312087
138381585
139122281
13920850X
140941541
14112024X
142167614
142435503
